01100001
01100001
01100001
01100010
01100010
01100010
01100010
01100010
01100010
01100110
01100100
01110011
01110011
01100011
01100001
01100001
01100001
01100110
01100110
01100110
01100110
01100110
01100110
01100110
01100110
01100110
01100110
01100110
01100110
01100110
01100110
01100110
00011011
01100001
00011011
00011011
00011011
00011011
00011011
00011011
00011011
00011011
00011011
00011011
00011011
01100001
00011011
01100001
00011011
01100001
00011011
01100001
00011011
01100001
00011011
01100001
00011011
01100001
00011011
01100001
00011011
01100001
00011011
01100001